1899   -0.70
  1900   -1.34
  1901   -0.37
  1902   -0.70
  1903    1.32
  1904   -0.02
  1905    0.81
  1906    0.81
  1907    1.07
  1908    0.53
  1909   -0.51
  1910    0.42
  1911    0.45
  1912   -0.43
  1913    1.39
  1914    0.47
  1915   -0.70
  1916   -0.23
  1917   -1.18
  1918    0.01
  1919   -0.87
  1920    1.56
  1921    0.67
  1922    0.58
  1923    0.35
  1924   -0.65
  1925    1.06
  1926   -0.30
  1927    0.48
  1928    0.15
  1929   -0.62
  1930    0.41
  1931   -0.69
  1932   -0.11
  1933   -0.11
  1934    0.94
  1935    0.06
  1936   -1.93
  1937   -0.15
  1938    0.52
  1939   -0.14
  1940   -1.94
  1941   -1.23
  1942   -1.09
  1943    0.60
  1944    0.51
  1945   -0.11
  1946   -0.28
  1947   -1.86
  1948    0.25
  1949    0.99
  1950    0.47
  1951   -0.94
  1952   -0.15
  1953   -0.04
  1954    0.13
  1955   -1.25
  1956   -1.05
  1957    0.04
  1958   -1.26
  1959    0.09
  1960   -1.81
  1961    0.72
  1962   -0.93
  1963   -1.30
  1964   -0.88
  1965   -0.82
  1966   -1.56
  1967    0.60
  1968   -0.16
  1969   -2.58
  1970   -1.16
  1971   -0.67
  1972    0.10
  1973    1.18
  1974    0.36
  1975    0.73
  1976    1.20
  1977   -1.35
  1978   -0.56
  1979   -1.44
  1980   -0.37
  1981    0.28
  1982   -0.21
  1983    1.26
  1984    0.39
  1985   -0.82
  1986   -0.03
  1987   -0.68
  1988   -0.18
  1989    2.44
  1990    1.92
  1991    0.54
  1992    1.73
  1993    1.74
  1994    0.86
  1995    1.29
  1996   -1.46
  1997    0.70
  1998   -0.02
  1999    0.64
  2000    1.59
  2001   -1.01
  2002    0.61
  2003    0.04
  2004   -0.13
  2005    0.34
  2006   -0.91
  2007    1.16
  2008    1.05
  2009    0.03
  2010   -2.56
  2011   -0.69
  2012    1.56
  2013   -1.68
  2014    0.91
  2015    1.84
  2016    0.99
  2017    0.87
  2018   -0.17
  2019    0.75
  2020    1.79
  2021   -0.73
  2022    1.08
  2023   -0.59